           2e-006	  0.0056886213913
           4e-006	  0.0056886213913
           6e-006	  0.0056886214141
           8e-006	  0.0056886215205
           1e-005	   0.005688621778
         1.2e-005	  0.0056886222464
         1.4e-005	  0.0056886229844
         1.6e-005	  0.0056886240507
         1.8e-005	   0.005688625503
           2e-005	  0.0056886273989
         2.2e-005	   0.005688629795
         2.4e-005	  0.0056886327479
         2.6e-005	  0.0056886363133
         2.8e-005	  0.0056886405466
           3e-005	  0.0056886455025
         3.2e-005	  0.0056886512354
         3.4e-005	  0.0056886577992
         3.6e-005	  0.0056886652895
         3.8e-005	  0.0056886738692
           4e-005	  0.0056886837123
         4.2e-005	  0.0056886949776
         4.4e-005	  0.0056887078227
         4.6e-005	  0.0056887224037
         4.8e-005	  0.0056887388753
           5e-005	  0.0056887573907
         5.2e-005	  0.0056887781018
         5.4e-005	  0.0056888011591
         5.6e-005	  0.0056888267116
         5.8e-005	  0.0056888549072
           6e-005	   0.005688885892
         6.2e-005	  0.0056889198113
         6.4e-005	  0.0056889568086
         6.6e-005	  0.0056889970264
         6.8e-005	  0.0056890406056
           7e-005	   0.005689087742
         7.2e-005	  0.0056891386838
         7.4e-005	  0.0056891936699
         7.6e-005	  0.0056892529313
         7.8e-005	  0.0056893166967
           8e-005	   0.005689385193
         8.2e-005	  0.0056894586447
         8.4e-005	  0.0056895372746
         8.6e-005	  0.0056896213031
         8.8e-005	  0.0056897109489
           9e-005	  0.0056898064285
         9.2e-005	  0.0056899079565
         9.4e-005	  0.0056900157454
         9.6e-005	   0.005690130006
         9.8e-005	   0.005690250947
           0.0001	  0.0056903787752
         0.000102	  0.0056905136956
         0.000104	  0.0056906559111
         0.000106	  0.0056908056229
         0.000108	  0.0056909630799
          0.00011	   0.005691128576
         0.000112	  0.0056913023957
         0.000114	  0.0056914848164
         0.000116	  0.0056916761126
         0.000118	  0.0056918765565
          0.00012	  0.0056920864179
         0.000122	   0.005692305964
         0.000124	  0.0056925354598
         0.000126	  0.0056927751678
         0.000128	  0.0056930253481
          0.00013	  0.0056932862585
         0.000132	  0.0056935581545
         0.000134	  0.0056938412894
         0.000136	  0.0056941359141
         0.000138	  0.0056944422774
          0.00014	  0.0056947606256
         0.000142	  0.0056950912033
         0.000144	  0.0056954342524
         0.000146	   0.005695790013
         0.000148	   0.005696158723
          0.00015	  0.0056965406182
         0.000152	  0.0056969359781
         0.000154	  0.0056973451195
         0.000156	  0.0056977683474
         0.000158	  0.0056982059609
          0.00016	  0.0056986582566
         0.000162	  0.0056991255286
         0.000164	  0.0056996080683
         0.000166	  0.0057001061649
         0.000168	  0.0057006201048
          0.00017	  0.0057011501722
         0.000172	  0.0057016966487
         0.000174	  0.0057022598137
         0.000176	  0.0057028399441
         0.000178	  0.0057034373147
          0.00018	  0.0057040521977
         0.000182	  0.0057046848633
         0.000184	  0.0057053355794
         0.000186	  0.0057060046115
         0.000188	  0.0057066922232
          0.00019	  0.0057073986757
         0.000192	  0.0057081242284
         0.000194	  0.0057088691384
         0.000196	  0.0057096336607
         0.000198	  0.0057104180483
           0.0002	  0.0057112225524
         0.000202	  0.0057120474218
         0.000204	  0.0057128929427
         0.000206	   0.005713759432
         0.000208	   0.005714647196
          0.00021	  0.0057155565363
         0.000212	  0.0057164877519
         0.000214	  0.0057174411399
         0.000216	  0.0057184169949
         0.000218	  0.0057194156093
          0.00022	  0.0057204372735
         0.000222	  0.0057214822755
         0.000224	  0.0057225509014
         0.000226	  0.0057236434349
         0.000228	  0.0057247601581
          0.00023	  0.0057259013507
         0.000232	  0.0057270672905
         0.000234	  0.0057282582536
         0.000236	  0.0057294745137
         0.000238	  0.0057307163431
          0.00024	  0.0057319945133
         0.000242	  0.0057333219108
         0.000244	  0.0057346763692
         0.000246	  0.0057360581615
         0.000248	  0.0057374675588
          0.00025	  0.0057389048304
         0.000252	   0.005740370244
         0.000254	  0.0057418640656
         0.000256	  0.0057433865595
         0.000258	  0.0057449379887
          0.00026	  0.0057465186145
         0.000262	  0.0057481286965
         0.000264	  0.0057497684932
         0.000266	  0.0057514382613
         0.000268	  0.0057531382907
          0.00027	  0.0057548688969
         0.000272	  0.0057566303844
         0.000274	  0.0057584230549
         0.000276	  0.0057602472082
         0.000278	  0.0057621031428
          0.00028	  0.0057639911554
         0.000282	  0.0057659115412
         0.000284	   0.005767864594
         0.000286	  0.0057698506059
         0.000288	  0.0057718698679
          0.00029	  0.0057739226691
         0.000292	  0.0057760187081
         0.000294	   0.005778195738
         0.000296	  0.0057804080825
         0.000298	  0.0057826560363
           0.0003	  0.0057849398921
         0.000302	  0.0057872599416
         0.000304	  0.0057896164754
         0.000306	  0.0057920097828
         0.000308	  0.0057944401524
          0.00031	  0.0057969078715
         0.000312	  0.0057994132265
         0.000314	  0.0058019565029
         0.000316	  0.0058045379851
         0.000318	  0.0058071579569
          0.00032	  0.0058098167009
         0.000322	  0.0058125144993
         0.000324	  0.0058152516332
         0.000326	   0.005818028383
         0.000328	  0.0058208450284
          0.00033	  0.0058237778475
         0.000332	  0.0058267536935
         0.000334	  0.0058297713824
         0.000336	  0.0058328312028
         0.000338	   0.005835933443
          0.00034	  0.0058390783905
         0.000342	  0.0058422663327
         0.000344	  0.0058454975565
         0.000346	  0.0058487723485
         0.000348	  0.0058520909948
          0.00035	  0.0058554537894
         0.000352	   0.005858861055
         0.000354	  0.0058623131272
         0.000356	  0.0058658103332
         0.000358	  0.0058694079416
          0.00036	  0.0058730958707
         0.000362	  0.0058768311992
         0.000364	  0.0058806142683
         0.000366	  0.0058844454185
         0.000368	  0.0058883249902
          0.00037	  0.0058922533237
         0.000372	  0.0058962307594
         0.000374	  0.0059002576377
         0.000376	  0.0059043342991
         0.000378	  0.0059084610842
          0.00038	  0.0059126383338
         0.000382	  0.0059169155886
         0.000384	  0.0059213160987
         0.000386	  0.0059257695658
         0.000388	  0.0059302763501
          0.00039	   0.005934836811
         0.000392	  0.0059394513086
         0.000394	  0.0059441202036
         0.000396	  0.0059488438573
         0.000398	  0.0059536226316
           0.0004	  0.0059584568889
         0.000402	  0.0059633469927
         0.000404	  0.0059684107334
         0.000406	  0.0059735587274
         0.000408	  0.0059787653312
          0.00041	  0.0059840309324
         0.000412	  0.0059893559195
         0.000414	  0.0059947406819
         0.000416	  0.0060001856103
         0.000418	  0.0060056910965
          0.00042	  0.0060112575337
         0.000422	  0.0060169477379
         0.000424	  0.0060228061716
         0.000426	  0.0060287286035
         0.000428	  0.0060347154586
          0.00043	  0.0060407671618
         0.000432	  0.0060468841397
         0.000434	  0.0060530668204
         0.000436	  0.0060593156343
         0.000438	  0.0060656310132
          0.00044	  0.0060721712501
         0.000442	  0.0060788171657
         0.000444	  0.0060855330452
         0.000446	  0.0060923193584
         0.000448	   0.006099176577
          0.00045	   0.006106105175
         0.000452	  0.0061131056289
         0.000454	  0.0061201784175
         0.000456	  0.0061275384192
         0.000458	   0.006134982223
          0.00046	  0.0061425021502
         0.000462	  0.0061500987255
         0.000464	  0.0061577724762
         0.000466	  0.0061655239329
         0.000468	  0.0061733536294
          0.00047	  0.0061814386946
         0.000472	  0.0061896816251
         0.000474	  0.0061980070654
         0.000476	  0.0062064156491
         0.000478	  0.0062149080082
          0.00048	  0.0062234847784
         0.000482	  0.0062321465995
         0.000484	  0.0062411596285
         0.000486	  0.0062502829162
         0.000488	  0.0062594961032
          0.00049	  0.0062687998972
         0.000492	    0.00627819501
         0.000494	  0.0062876821583
         0.000496	  0.0062974485688
         0.000498	   0.006307447261
           0.0005	  0.0063175433878
         0.000502	    0.00632773775
         0.000504	  0.0063380311503
         0.000506	  0.0063484243974
         0.000508	  0.0063591357176
          0.00051	  0.0063700970699
         0.000512	  0.0063811643277
         0.000514	  0.0063923383998
         0.000516	  0.0064036201977
         0.000518	  0.0064150106403
          0.00052	  0.0064268967238
         0.000522	  0.0064389194226
         0.000524	    0.00645105762
         0.000526	  0.0064633123502
         0.000528	  0.0064756846551
          0.00053	   0.006488441851
         0.000532	  0.0065015129128
         0.000534	  0.0065147092259
         0.000536	  0.0065280319749
         0.000538	  0.0065414823481
          0.00054	  0.0065553076471
         0.000542	  0.0065695321135
         0.000544	  0.0065838928619
         0.000546	  0.0065983912522
         0.000548	  0.0066130286466
          0.00055	  0.0066281595667
         0.000552	  0.0066436567701
         0.000554	  0.0066593028146
         0.000556	  0.0066750992645
         0.000558	    0.00669104769
          0.00056	  0.0067077714778
         0.000562	  0.0067246776918
         0.000564	  0.0067417471457
         0.000566	  0.0067589816428
         0.000568	  0.0067767542723
          0.00057	  0.0067950483064
         0.000572	  0.0068135200987
         0.000574	  0.0068321717432
         0.000576	  0.0068512059172
         0.000578	  0.0068710331974
          0.00058	  0.0068910547775
         0.000582	  0.0069112730957
         0.000584	  0.0069318277841
         0.000586	  0.0069533548763
         0.000588	  0.0069750952412
          0.00059	   0.006997051725
         0.000592	  0.0070194436996
         0.000594	   0.007042862476
         0.000596	  0.0070665164415
         0.000598	  0.0070904089276
           0.0006	  0.0071150277254
         0.000602	  0.0071405605952
         0.000604	   0.007166354166
         0.000606	  0.0071924123482
         0.000608	  0.0072197399045
          0.00061	  0.0072476464531
         0.000612	  0.0072758436471
         0.000614	  0.0073047078627
         0.000616	  0.0073349729171
         0.000618	  0.0073655585689
          0.00062	  0.0073964703034
         0.000622	  0.0074291487828
         0.000624	  0.0074624141445
         0.000626	  0.0074960414116
         0.000628	  0.0075311498732
          0.00063	  0.0075674378725
         0.000632	  0.0076041297445
         0.000634	  0.0076421560808
         0.000636	   0.007681874299
         0.000638	   0.007722046069
          0.00064	  0.0077636109685
         0.000642	  0.0078072500471
         0.000644	  0.0078514021434
         0.000646	  0.0078973086887
         0.000648	    0.00794547011
          0.00065	  0.0079942166872
         0.000652	  0.0080455300866
         0.000654	  0.0080989696463
         0.000656	  0.0081530833461
         0.000658	  0.0082112429558
          0.00066	  0.0082709096005
         0.000662	   0.008332090372
         0.000664	  0.0083980070289
         0.000666	  0.0084648197449
         0.000668	  0.0085348841832
          0.00067	  0.0086075749458
         0.000672	  0.0086733737362
         0.000674	  0.0086733737362
         0.000676	  0.0086733737362
         0.000678	  0.0086733737362
          0.00068	  0.0086733737362
         0.000682	  0.0086733737362
         0.000684	  0.0086733737362
         0.000686	  0.0086733737362
         0.000688	  0.0086733737362
          0.00069	  0.0086733737362
         0.000692	  0.0086733737362
         0.000694	  0.0086733737362
         0.000696	  0.0086733737362
         0.000698	  0.0086733737362
           0.0007	  0.0086733737362
         0.000702	  0.0086733737362
         0.000704	  0.0086733737362
         0.000706	  0.0086733737362
         0.000708	  0.0086733737362
          0.00071	  0.0086733737362
         0.000712	  0.0086733737362
         0.000714	  0.0086733737362
         0.000716	  0.0086733737362
         0.000718	  0.0086733737362
          0.00072	  0.0086733737362
         0.000722	  0.0086733737362
         0.000724	  0.0086733737362
         0.000726	  0.0086733737362
         0.000728	  0.0086733737362
          0.00073	  0.0086733737362
         0.000732	  0.0086733737362
         0.000734	  0.0086733737362
         0.000736	  0.0086733737362
         0.000738	  0.0086733737362
          0.00074	  0.0086733737362
         0.000742	  0.0086733737362
         0.000744	  0.0086733737362
         0.000746	  0.0086733737362
         0.000748	  0.0086733737362
          0.00075	  0.0086733737362
         0.000752	  0.0086733737362
         0.000754	  0.0086733737362
         0.000756	  0.0086733737362
         0.000758	  0.0086733737362
          0.00076	  0.0086733737362
         0.000762	  0.0086733737362
         0.000764	  0.0086733737362
         0.000766	  0.0086733737362
         0.000768	  0.0086733737362
          0.00077	  0.0086733737362
         0.000772	  0.0086733737362
         0.000774	  0.0086733737362
         0.000776	  0.0086733737362
         0.000778	  0.0086733737362
          0.00078	  0.0086733737362
         0.000782	  0.0086733737362
         0.000784	  0.0086733737362
         0.000786	  0.0086733737362
         0.000788	  0.0086733737362
          0.00079	  0.0086733737362
         0.000792	  0.0086733737362
         0.000794	  0.0086733737362
         0.000796	  0.0086733737362
         0.000798	  0.0086733737362
           0.0008	  0.0086733737362
         0.000802	  0.0086733737362
         0.000804	  0.0086733737362
         0.000806	  0.0086733737362
         0.000808	  0.0086733737362
          0.00081	  0.0086733737362
         0.000812	  0.0086733737362
         0.000814	  0.0086733737362
         0.000816	  0.0086733737362
         0.000818	  0.0086733737362
          0.00082	  0.0086733737362
         0.000822	  0.0086733737362
         0.000824	  0.0086733737362
         0.000826	  0.0086733737362
         0.000828	  0.0086733737362
          0.00083	  0.0086733737362
         0.000832	  0.0086733737362
         0.000834	  0.0086733737362
         0.000836	  0.0086733737362
         0.000838	  0.0086733737362
          0.00084	  0.0086733737362
         0.000842	  0.0086733737362
         0.000844	  0.0086733737362
         0.000846	  0.0086733737362
         0.000848	  0.0086733737362
          0.00085	  0.0086733737362
         0.000852	  0.0086733737362
         0.000854	  0.0086733737362
         0.000856	  0.0086733737362
         0.000858	  0.0086733737362
          0.00086	  0.0086733737362
         0.000862	  0.0086733737362
         0.000864	  0.0086733737362
         0.000866	  0.0086733737362
         0.000868	  0.0086733737362
          0.00087	  0.0086733737362
         0.000872	  0.0086733737362
         0.000874	  0.0086733737362
         0.000876	  0.0086733737362
         0.000878	  0.0086733737362
          0.00088	  0.0086733737362
         0.000882	  0.0086733737362
         0.000884	  0.0086733737362
         0.000886	  0.0086733737362
         0.000888	  0.0086733737362
          0.00089	  0.0086733737362
         0.000892	  0.0086733737362
         0.000894	  0.0086733737362
         0.000896	  0.0086733737362
         0.000898	  0.0086733737362
           0.0009	  0.0086733737362
         0.000902	  0.0086733737362
         0.000904	  0.0086733737362
         0.000906	  0.0086733737362
         0.000908	  0.0086733737362
          0.00091	  0.0086733737362
         0.000912	  0.0086733737362
         0.000914	  0.0086733737362
         0.000916	  0.0086733737362
         0.000918	  0.0086733737362
          0.00092	  0.0086733737362
         0.000922	  0.0086733737362
         0.000924	  0.0086733737362
         0.000926	  0.0086733737362
         0.000928	  0.0086733737362
          0.00093	  0.0086733737362
         0.000932	  0.0086733737362
         0.000934	  0.0086733737362
         0.000936	  0.0086733737362
         0.000938	  0.0086733737362
          0.00094	  0.0086733737362
         0.000942	  0.0086733737362
         0.000944	  0.0086733737362
         0.000946	  0.0086733737362
         0.000948	  0.0086733737362
          0.00095	  0.0086733737362
         0.000952	  0.0086733737362
         0.000954	  0.0086733737362
         0.000956	  0.0086733737362
         0.000958	  0.0086733737362
          0.00096	  0.0086733737362
         0.000962	  0.0086733737362
         0.000964	  0.0086733737362
         0.000966	  0.0086733737362
         0.000968	  0.0086733737362
          0.00097	  0.0086733737362
         0.000972	  0.0086733737362
         0.000974	  0.0086733737362
         0.000976	  0.0086733737362
         0.000978	  0.0086733737362
          0.00098	  0.0086733737362
         0.000982	  0.0086733737362
         0.000984	  0.0086733737362
         0.000986	  0.0086733737362
         0.000988	  0.0086733737362
          0.00099	  0.0086733737362
         0.000992	  0.0086733737362
         0.000994	  0.0086733737362
         0.000996	  0.0086733737362
         0.000998	  0.0086733737362
            0.001	  0.0086733737362
         0.001002	  0.0086733737362
         0.001004	  0.0086733737362
         0.001006	  0.0086733737362
         0.001008	  0.0086733737362
          0.00101	  0.0086733737362
         0.001012	  0.0086733737362
         0.001014	  0.0086733737362
         0.001016	  0.0086733737362
         0.001018	  0.0086733737362
          0.00102	  0.0086733737362
         0.001022	  0.0086733737362
         0.001024	  0.0086733737362
         0.001026	  0.0086733737362
         0.001028	  0.0086733737362
          0.00103	  0.0086733737362
         0.001032	  0.0086733737362
         0.001034	  0.0086733737362
         0.001036	  0.0086733737362
         0.001038	  0.0086733737362
          0.00104	  0.0086733737362
         0.001042	  0.0086733737362
         0.001044	  0.0086733737362
         0.001046	  0.0086733737362
         0.001048	  0.0086733737362
          0.00105	  0.0086733737362
         0.001052	  0.0086733737362
         0.001054	  0.0086733737362
         0.001056	  0.0086733737362
         0.001058	  0.0086733737362
          0.00106	  0.0086733737362
         0.001062	  0.0086733737362
         0.001064	  0.0086733737362
         0.001066	  0.0086733737362
         0.001068	  0.0086733737362
          0.00107	  0.0086733737362
         0.001072	  0.0086733737362
         0.001074	  0.0086733737362
         0.001076	  0.0086733737362
         0.001078	  0.0086733737362
          0.00108	  0.0086733737362
         0.001082	  0.0086733737362
         0.001084	  0.0086733737362
         0.001086	  0.0086733737362
         0.001088	  0.0086733737362
          0.00109	  0.0086733737362
         0.001092	  0.0086733737362
         0.001094	  0.0086733737362
         0.001096	  0.0086733737362
         0.001098	  0.0086733737362
           0.0011	  0.0086733737362
         0.001102	  0.0086733737362
         0.001104	  0.0086733737362
         0.001106	  0.0086733737362
         0.001108	  0.0086733737362
          0.00111	  0.0086733737362
         0.001112	  0.0086733737362
         0.001114	  0.0086733737362
         0.001116	  0.0086733737362
         0.001118	  0.0086733737362
          0.00112	  0.0086733737362
         0.001122	  0.0086733737362
         0.001124	  0.0086733737362
         0.001126	  0.0086733737362
         0.001128	  0.0086733737362
          0.00113	  0.0086733737362
         0.001132	  0.0086733737362
         0.001134	  0.0086733737362
         0.001136	  0.0086733737362
         0.001138	  0.0086733737362
          0.00114	  0.0086733737362
         0.001142	  0.0086733737362
         0.001144	  0.0086733737362
         0.001146	  0.0086733737362
         0.001148	  0.0086733737362
          0.00115	  0.0086733737362
         0.001152	  0.0086733737362
         0.001154	  0.0086733737362
         0.001156	  0.0086733737362
         0.001158	  0.0086733737362
          0.00116	  0.0086733737362
         0.001162	  0.0086733737362
         0.001164	  0.0086733737362
         0.001166	  0.0086733737362
         0.001168	  0.0086733737362
          0.00117	  0.0086733737362
         0.001172	  0.0086733737362
         0.001174	  0.0086733737362
         0.001176	  0.0086733737362
         0.001178	  0.0086733737362
          0.00118	  0.0086733737362
         0.001182	  0.0086733737362
         0.001184	  0.0086733737362
         0.001186	  0.0086733737362
         0.001188	  0.0086733737362
          0.00119	  0.0086733737362
         0.001192	  0.0086733737362
         0.001194	  0.0086733737362
         0.001196	  0.0086733737362
         0.001198	  0.0086733737362
           0.0012	  0.0086733737362
         0.001202	  0.0086733737362
         0.001204	  0.0086733737362
         0.001206	  0.0086733737362
         0.001208	  0.0086733737362
          0.00121	  0.0086733737362
         0.001212	  0.0086733737362
         0.001214	  0.0086733737362
         0.001216	  0.0086733737362
         0.001218	  0.0086733737362
          0.00122	  0.0086733737362
         0.001222	  0.0086733737362
         0.001224	  0.0086733737362
         0.001226	  0.0086733737362
         0.001228	  0.0086733737362
          0.00123	  0.0086733737362
         0.001232	  0.0086733737362
         0.001234	  0.0086733737362
         0.001236	  0.0086733737362
         0.001238	  0.0086733737362
          0.00124	  0.0086733737362
         0.001242	  0.0086733737362
         0.001244	  0.0086733737362
         0.001246	  0.0086733737362
         0.001248	  0.0086733737362
          0.00125	  0.0086733737362
         0.001252	  0.0086733737362
         0.001254	  0.0086733737362
         0.001256	  0.0086733737362
         0.001258	  0.0086733737362
          0.00126	  0.0086733737362
         0.001262	  0.0086733737362
         0.001264	  0.0086733737362
         0.001266	  0.0086733737362
         0.001268	  0.0086733737362
          0.00127	  0.0086733737362
         0.001272	  0.0086733737362
         0.001274	  0.0086733737362
         0.001276	  0.0086733737362
         0.001278	  0.0086733737362
          0.00128	  0.0086733737362
         0.001282	  0.0086733737362
         0.001284	  0.0086733737362
         0.001286	  0.0086733737362
         0.001288	  0.0086733737362
          0.00129	  0.0086733737362
         0.001292	  0.0086733737362
         0.001294	  0.0086733737362
         0.001296	  0.0086733737362
         0.001298	  0.0086733737362
           0.0013	  0.0086733737362
         0.001302	  0.0086733737362
         0.001304	  0.0086733737362
         0.001306	  0.0086733737362
         0.001308	  0.0086733737362
          0.00131	  0.0086733737362
         0.001312	  0.0086733737362
         0.001314	  0.0086733737362
         0.001316	  0.0086733737362
         0.001318	  0.0086733737362
          0.00132	  0.0086733737362
         0.001322	  0.0086733737362
         0.001324	  0.0086733737362
         0.001326	  0.0086733737362
         0.001328	  0.0086733737362
          0.00133	  0.0086733737362
         0.001332	  0.0086733737362
         0.001334	  0.0086733737362
         0.001336	  0.0086733737362
         0.001338	  0.0086733737362
          0.00134	  0.0086733737362
         0.001342	  0.0086733737362
         0.001344	  0.0086733737362
         0.001346	  0.0086733737362
         0.001348	  0.0086733737362
          0.00135	  0.0086733737362
         0.001352	  0.0086733737362
         0.001354	  0.0086733737362
         0.001356	  0.0086733737362
         0.001358	  0.0086733737362
          0.00136	  0.0086733737362
         0.001362	  0.0086733737362
         0.001364	  0.0086733737362
         0.001366	  0.0086733737362
         0.001368	  0.0086733737362
          0.00137	  0.0086733737362
         0.001372	  0.0086733737362
         0.001374	  0.0086733737362
         0.001376	  0.0086733737362
         0.001378	  0.0086733737362
          0.00138	  0.0086733737362
         0.001382	  0.0086733737362
         0.001384	  0.0086733737362
         0.001386	  0.0086733737362
         0.001388	  0.0086733737362
          0.00139	  0.0086733737362
         0.001392	  0.0086733737362
         0.001394	  0.0086733737362
         0.001396	  0.0086733737362
         0.001398	  0.0086733737362
           0.0014	  0.0086733737362
         0.001402	  0.0086733737362
         0.001404	  0.0086733737362
         0.001406	  0.0086733737362
         0.001408	  0.0086733737362
          0.00141	  0.0086733737362
         0.001412	  0.0086733737362
         0.001414	  0.0086733737362
         0.001416	  0.0086733737362
         0.001418	  0.0086733737362
          0.00142	  0.0086733737362
         0.001422	  0.0086733737362
         0.001424	  0.0086733737362
         0.001426	  0.0086733737362
         0.001428	  0.0086733737362
          0.00143	  0.0086733737362
         0.001432	  0.0086733737362
         0.001434	  0.0086733737362
         0.001436	  0.0086733737362
         0.001438	  0.0086733737362
          0.00144	  0.0086733737362
         0.001442	  0.0086733737362
         0.001444	  0.0086733737362
         0.001446	  0.0086733737362
         0.001448	  0.0086733737362
          0.00145	  0.0086733737362
         0.001452	  0.0086733737362
         0.001454	  0.0086733737362
         0.001456	  0.0086733737362
         0.001458	  0.0086733737362
          0.00146	  0.0086733737362
         0.001462	  0.0086733737362
         0.001464	  0.0086733737362
         0.001466	  0.0086733737362
         0.001468	  0.0086733737362
          0.00147	  0.0086733737362
         0.001472	  0.0086733737362
         0.001474	  0.0086733737362
         0.001476	  0.0086733737362
         0.001478	  0.0086733737362
          0.00148	  0.0086733737362
         0.001482	  0.0086733737362
         0.001484	  0.0086733737362
         0.001486	  0.0086733737362
         0.001488	  0.0086733737362
          0.00149	  0.0086733737362
         0.001492	  0.0086733737362
         0.001494	  0.0086733737362
         0.001496	  0.0086733737362
         0.001498	  0.0086733737362
           0.0015	  0.0086733737362
         0.001502	  0.0086733737362
         0.001504	  0.0086733737362
         0.001506	  0.0086733737362
         0.001508	  0.0086733737362
          0.00151	  0.0086733737362
         0.001512	  0.0086733737362
         0.001514	  0.0086733737362
         0.001516	  0.0086733737362
         0.001518	  0.0086733737362
          0.00152	  0.0086733737362
         0.001522	  0.0086733737362
         0.001524	  0.0086733737362
         0.001526	  0.0086733737362
         0.001528	  0.0086733737362
          0.00153	  0.0086733737362
         0.001532	  0.0086733737362
         0.001534	  0.0086733737362
         0.001536	  0.0086733737362
         0.001538	  0.0086733737362
          0.00154	  0.0086733737362
         0.001542	  0.0086733737362
         0.001544	  0.0086733737362
         0.001546	  0.0086733737362
         0.001548	  0.0086733737362
          0.00155	  0.0086733737362
         0.001552	  0.0086733737362
         0.001554	  0.0086733737362
         0.001556	  0.0086733737362
         0.001558	  0.0086733737362
          0.00156	  0.0086733737362
         0.001562	  0.0086733737362
         0.001564	  0.0086733737362
         0.001566	  0.0086733737362
         0.001568	  0.0086733737362
          0.00157	  0.0086733737362
         0.001572	  0.0086733737362
         0.001574	  0.0086733737362
         0.001576	  0.0086733737362
         0.001578	  0.0086733737362
          0.00158	  0.0086733737362
         0.001582	  0.0086733737362
         0.001584	  0.0086733737362
         0.001586	  0.0086733737362
         0.001588	  0.0086733737362
          0.00159	  0.0086733737362
         0.001592	  0.0086733737362
         0.001594	  0.0086733737362
         0.001596	  0.0086733737362
         0.001598	  0.0086733737362
           0.0016	  0.0086733737362
         0.001602	  0.0086733737362
         0.001604	  0.0086733737362
         0.001606	  0.0086733737362
         0.001608	  0.0086733737362
          0.00161	  0.0086733737362
         0.001612	  0.0086733737362
         0.001614	  0.0086733737362
         0.001616	  0.0086733737362
         0.001618	  0.0086733737362
          0.00162	  0.0086733737362
         0.001622	  0.0086733737362
         0.001624	  0.0086733737362
         0.001626	  0.0086733737362
         0.001628	  0.0086733737362
          0.00163	  0.0086733737362
         0.001632	  0.0086733737362
         0.001634	  0.0086733737362
         0.001636	  0.0086733737362
         0.001638	  0.0086733737362
          0.00164	  0.0086733737362
         0.001642	  0.0086733737362
         0.001644	  0.0086733737362
         0.001646	  0.0086733737362
         0.001648	  0.0086733737362
          0.00165	  0.0086733737362
         0.001652	  0.0086733737362
         0.001654	  0.0086733737362
         0.001656	  0.0086733737362
         0.001658	  0.0086733737362
          0.00166	  0.0086733737362
         0.001662	  0.0086733737362
         0.001664	  0.0086733737362
         0.001666	  0.0086733737362
         0.001668	  0.0086733737362
          0.00167	  0.0086733737362
         0.001672	  0.0086733737362
         0.001674	  0.0086733737362
         0.001676	  0.0086733737362
         0.001678	  0.0086733737362
          0.00168	  0.0086733737362
         0.001682	  0.0086733737362
         0.001684	  0.0086733737362
         0.001686	  0.0086733737362
         0.001688	  0.0086733737362
          0.00169	  0.0086733737362
         0.001692	  0.0086733737362
         0.001694	  0.0086733737362
         0.001696	  0.0086733737362
         0.001698	  0.0086733737362
           0.0017	  0.0086733737362
         0.001702	  0.0086733737362
         0.001704	  0.0086733737362
         0.001706	  0.0086733737362
         0.001708	  0.0086733737362
          0.00171	  0.0086733737362
         0.001712	  0.0086733737362
         0.001714	  0.0086733737362
         0.001716	  0.0086733737362
         0.001718	  0.0086733737362
          0.00172	  0.0086733737362
         0.001722	  0.0086733737362
         0.001724	  0.0086733737362
         0.001726	  0.0086733737362
         0.001728	  0.0086733737362
          0.00173	  0.0086733737362
         0.001732	  0.0086733737362
         0.001734	  0.0086733737362
         0.001736	  0.0086733737362
         0.001738	  0.0086733737362
          0.00174	  0.0086733737362
         0.001742	  0.0086733737362
         0.001744	  0.0086733737362
         0.001746	  0.0086733737362
         0.001748	  0.0086733737362
          0.00175	  0.0086733737362
         0.001752	  0.0086733737362
         0.001754	  0.0086733737362
         0.001756	  0.0086733737362
         0.001758	  0.0086733737362
          0.00176	  0.0086733737362
         0.001762	  0.0086733737362
         0.001764	  0.0086733737362
         0.001766	  0.0086733737362
         0.001768	  0.0086733737362
          0.00177	  0.0086733737362
         0.001772	  0.0086733737362
         0.001774	  0.0086733737362
         0.001776	  0.0086733737362
         0.001778	  0.0086733737362
          0.00178	  0.0086733737362
         0.001782	  0.0086733737362
         0.001784	  0.0086733737362
         0.001786	  0.0086733737362
         0.001788	  0.0086733737362
          0.00179	  0.0086733737362
         0.001792	  0.0086733737362
         0.001794	  0.0086733737362
         0.001796	  0.0086733737362
         0.001798	  0.0086733737362
           0.0018	  0.0086733737362
         0.001802	  0.0086733737362
         0.001804	  0.0086733737362
         0.001806	  0.0086733737362
         0.001808	  0.0086733737362
          0.00181	  0.0086733737362
         0.001812	  0.0086733737362
         0.001814	  0.0086733737362
         0.001816	  0.0086733737362
         0.001818	  0.0086733737362
          0.00182	  0.0086733737362
         0.001822	  0.0086733737362
         0.001824	  0.0086733737362
         0.001826	  0.0086733737362
         0.001828	  0.0086733737362
          0.00183	  0.0086733737362
         0.001832	  0.0086733737362
         0.001834	  0.0086733737362
         0.001836	  0.0086733737362
         0.001838	  0.0086733737362
          0.00184	  0.0086733737362
         0.001842	  0.0086733737362
         0.001844	  0.0086733737362
         0.001846	  0.0086733737362
         0.001848	  0.0086733737362
          0.00185	  0.0086733737362
         0.001852	  0.0086733737362
         0.001854	  0.0086733737362
         0.001856	  0.0086733737362
         0.001858	  0.0086733737362
          0.00186	  0.0086733737362
         0.001862	  0.0086733737362
         0.001864	  0.0086733737362
         0.001866	  0.0086733737362
         0.001868	  0.0086733737362
          0.00187	  0.0086733737362
         0.001872	  0.0086733737362
         0.001874	  0.0086733737362
         0.001876	  0.0086733737362
         0.001878	  0.0086733737362
          0.00188	  0.0086733737362
         0.001882	  0.0086733737362
         0.001884	  0.0086733737362
         0.001886	  0.0086733737362
         0.001888	  0.0086733737362
          0.00189	  0.0086733737362
         0.001892	  0.0086733737362
         0.001894	  0.0086733737362
         0.001896	  0.0086733737362
         0.001898	  0.0086733737362
           0.0019	  0.0086733737362
         0.001902	  0.0086733737362
         0.001904	  0.0086733737362
         0.001906	  0.0086733737362
         0.001908	  0.0086733737362
          0.00191	  0.0086733737362
         0.001912	  0.0086733737362
         0.001914	  0.0086733737362
         0.001916	  0.0086733737362
         0.001918	  0.0086733737362
          0.00192	  0.0086733737362
         0.001922	  0.0086733737362
         0.001924	  0.0086733737362
         0.001926	  0.0086733737362
         0.001928	  0.0086733737362
          0.00193	  0.0086733737362
         0.001932	  0.0086733737362
         0.001934	  0.0086733737362
         0.001936	  0.0086733737362
         0.001938	  0.0086733737362
          0.00194	  0.0086733737362
         0.001942	  0.0086733737362
         0.001944	  0.0086733737362
         0.001946	  0.0086733737362
         0.001948	  0.0086733737362
          0.00195	  0.0086733737362
         0.001952	  0.0086733737362
         0.001954	  0.0086733737362
         0.001956	  0.0086733737362
         0.001958	  0.0086733737362
          0.00196	  0.0086733737362
         0.001962	  0.0086733737362
         0.001964	  0.0086733737362
         0.001966	  0.0086733737362
         0.001968	  0.0086733737362
          0.00197	  0.0086733737362
         0.001972	  0.0086733737362
         0.001974	  0.0086733737362
         0.001976	  0.0086733737362
         0.001978	  0.0086733737362
          0.00198	  0.0086733737362
         0.001982	  0.0086733737362
         0.001984	  0.0086733737362
         0.001986	  0.0086733737362
         0.001988	  0.0086733737362
          0.00199	  0.0086733737362
         0.001992	  0.0086733737362
         0.001994	  0.0086733737362
         0.001996	  0.0086733737362
         0.001998	  0.0086733737362
            0.002	  0.0086733737362