20,1																				
0.00E+00 1.00E-03 2.00E-03 3.00E-03 4.00E-03 5.00E-03 6.00E-03 7.00E-03 8.00E-03 9.00E-03 1.00E-02 1.10E-02 1.20E-02 1.30E-02 1.40E-02 1.50E-02 1.60E-02 1.70E-02 1.80E-02 1.90E-02	
1.00E+00																				
-0.00011999900921000000 																				
-0.00012016578755000000 																				
-0.00012015553381000000 																				
-0.00012015206403000000 																				
1.19668845500000000000 																				
1.08571902750000000000 																				
0.65115705668000000000 																				
0.55259489029000000000 																				
0.51205754325000000000 																				
0.31923667758000000000 																				
0.19997168988000000000 																				
0.13875699352000000000 																				
0.06009363770000000000 																				
-0.00006283404690900000 
-0.00012052254035000000 
-0.00012570271560000000 
-0.00012432334162000000 
-0.00012270209940000000 
-0.00012013386562000000 
1.19523178890000000000 
