20,1																			
0.00E+00 1.00E-03 2.00E-03 3.00E-03 4.00E-03 5.00E-03 6.00E-03 7.00E-03	8.00E-03 9.00E-03 1.00E-02 1.10E-02 1.20E-02 1.30E-02 1.40E-02 1.50E-02	1.60E-02 1.70E-02 1.80E-02 1.90E-02	
1.00E+00																				
-0.00011999884156000000 																				
-0.00012017533110000000 																				
-0.00012018500068000000 																				
-0.00012018724701000000 																				
-0.00011844200617000000 																				
-0.00012049474454000000 																				
-0.00012075727810000000 																				
-0.00011819469411000000 																				
-0.00012727385570000000 																				
1.19531930890000000000 																				
1.08652322010000000000 																				
0.65240107061000000000 																				
0.55241627913000000000 																				
0.51100299491000000000 
0.31278859679000000000 
0.19045614827000000000 
0.12621914522000000000 
0.04436867704500000000 
-0.00007244928524100000 
-0.00011631652708000000 
