20,1																				
0.00E+00 1.00E-03 2.00E-03 3.00E-03 4.00E-03 5.00E-03 6.00E-03 7.00E-03 8.00E-03 9.00E-03 1.00E-02 1.10E-02 1.20E-02 1.30E-02 1.40E-02 1.50E-02	1.60E-02 1.70E-02 1.80E-02 1.90E-02
1.0																				
0.00000000000000000000 																				
0.10471975511966000000 																				
0.20943951023932000000 																				
0.31415926535897900000 																				
0.41887902047863900000 																				
0.52359877559829900000 																				
0.62831853071795900000 																				
0.73303828583761800000 																				
0.83775804095727800000 																				
0.94247779607693800000 																				
1.04719755119660000000 																				
1.15191730631626000000 																				
1.25663706143592000000 																				
1.36135681655558000000 
1.46607657167524000000 
1.57079632679490000000 
1.67551608191456000000 
1.78023583703422000000 
1.88495559215388000000 
1.98967534727354000000 
