20,1																				
0.00E+00 1.00E-03 2.00E-03 3.00E-03 4.00E-03 5.00E-03 6.00E-03 7.00E-03 8.00E-03 9.00E-03 1.00E-02 1.10E-02 1.20E-02 1.30E-02 1.40E-02 1.50E-02 1.60E-02 1.70E-02 1.80E-02 1.90E-02
1.00E+00																				
-0.00011999900770000000 																				
-0.00012011487204000000 																				
-0.00012011534328000000 																				
-0.00012011749449000000 																				
-0.00011626403256000000 																				
-0.00011699431095000000 																				
-0.00011874608703000000 																				
-0.00011789493680000000 																				
-0.00012702087691000000 																				
-0.00012890253160000000 																				
-0.00012509928615000000 																				
-0.00012351373426000000 																				
-0.00012107767300000000 																				
-0.00011209088783000000 
1.19852117410000000000 
1.08553186170000000000 
0.65052460888000000000 
0.55334906201000000000 
0.51346711601000000000 
0.32020076977000000000 
