   4,  0.901, 0.910253, 0.920214, 1.199442
14
   7.736627   72.10303   80.79825   99.20176   107.8970   172.2634  180.
   187.7366   252.1030   260.7982   279.2018   287.8970   352.2634  360.
14

   7.821098   72.27710   80.72750   99.27251   107.7229   172.1789  180.
   187.8211   252.2771   260.7275   279.2725   287.7229   352.1789  360.
14

   7.902047   72.44823   80.66083   99.33917   107.5518   172.0979  180.
   187.9021   252.4482   260.6608   279.3392   287.5518   352.0980  360.
14
   10.186691   87.24225   88.75861   91.24139   92.75775   169.8133 180.
   190.1867   267.2422   268.7586   271.2414   272.7578   349.8133  360.
